format short;


x1=100.1030;

   
pt1 =[100.1030 , 100.0110];
pt2 =[111.6010 , 109.0030];
pt3 =[122.1810 , 144.0130];
pt4 =[116.6920 , 168.0140];
pt6 =[ 87.6610 , 134.1990];
pt7 =[ 86.8550 , 106.2100];
pt9 =[129.5510 , 161.8670];
pt10=[106.4480 ,  90.1670];
pt11=[126.6760 ,  96.8140];
pt12=[143.9770 , 115.7720];
pt13=[145.6870 , 140.4290];
pt14=[133.6100 , 163.0790];
    


  %  plot(pt1,'+',pt2,'+',pt3,'+',pt4,'+',pt6,'+',pt7,'+',pt9,'+',pt10,'+',pt11,'+',pt12,'+',pt13,'+',pt14,'+');
    